Op Name,Op Type,Task Duration(us),Block Dim,Mix Block Dim,Device Id,Pid,Current Freq,Rated Freq,
V41MoeRouter_a69d2c39e21295ba21ee92f0021f7769_0,vector,3.080000,5,NA,0,3856010,1800,1800,
